432 788 35 38 438 2068 40 1460 128 89 167 78 20 139 32 26 38 5 47 298 70 701 7 5 7 29 117 4 20 4 5 15 296 256 608 145 0 11 21 475 264 17 254 222 202 51 88 222 683 76 50 76 683 222 88 51 202 222 254 17 264 475 21 11 0 145 608 256 296 15 5 4 20 4 117 29 7 5 7 701 70 298 47 5 38 26 32 139 20 78 167 89 128 1460 40 2068 438 38 35 788 88 
286 304 53 252 168 878 368 795 137 11 11 111 47 117 24 34 6 4 67 47 159 244 19 23 37 25 59 9 14 5 16 128 195 174 458 226 32 97 48 306 417 95 201 25 15 4 0 91 165 31 67 31 165 91 0 4 15 25 201 95 417 306 48 97 32 226 458 174 195 128 16 5 14 9 59 25 37 23 19 244 159 47 67 4 6 34 24 117 47 111 11 11 137 795 368 878 168 252 53 304 4 
315 398 5 14 24 125 698 597 91 44 63 31 3 7 15 17 35 17 44 69 88 198 2 3 4 3 36 24 2 18 13 76 181 76 193 145 45 7 10 128 24 37 939 60 11 3 12 0 40 19 5 19 40 0 12 3 11 60 939 37 24 128 10 7 45 145 193 76 181 76 13 18 2 24 36 3 4 3 2 198 88 69 44 17 35 17 15 7 3 31 63 44 91 597 698 125 24 14 5 398 98 
116 109 23 18 144 77 516 991 93 5 53 22 19 27 11 23 96 15 176 188 36 166 0 8 16 12 77 10 11 26 11 25 122 149 11 23 2 32 0 134 226 219 723 200 17 29 29 341 358 75 51 75 358 341 29 29 17 200 723 219 226 134 0 32 2 23 11 149 122 25 11 26 11 10 77 12 16 8 0 166 36 188 176 15 96 23 11 27 19 22 53 5 93 991 516 77 144 18 23 109 9 
527 60 2 94 77 212 892 841 163 0 14 217 22 53 2 20 2 10 129 91 19 59 14 20 42 28 49 4 41 29 22 50 296 693 467 24 19 2 11 345 267 178 79 11 0 0 49 1950 969 222 192 222 969 1950 49 0 0 11 79 178 267 345 11 2 19 24 467 693 296 50 22 29 41 4 49 28 42 20 14 59 19 91 129 10 2 20 2 53 22 217 14 0 163 841 892 212 77 94 2 60 0 
1080 67 36 176 196 1039 928 1002 78 13 13 86 1 138 0 34 36 8 720 672 21 42 25 11 34 8 24 33 2 22 24 26 83 81 152 15 17 22 36 234 157 11 300 0 28 27 74 943 310 40 13 40 310 943 74 27 28 0 300 11 157 234 36 22 17 15 152 81 83 26 24 22 2 33 24 8 34 11 25 42 21 672 720 8 36 34 0 138 1 86 13 13 78 1002 928 1039 196 176 36 67 7 
8 147 50 12 282 492 655 1341 295 74 9 15 16 379 15 14 147 23 3 60 25 400 19 5 8 16 22 15 0 1 3 4 12 466 35 43 26 18 51 180 44 3 85 33 27 19 7 11 10 0 0 0 10 11 7 19 27 33 85 3 44 180 51 18 26 43 35 466 12 4 3 1 0 15 22 16 8 5 19 400 25 60 3 23 147 14 15 379 16 15 9 74 295 1341 655 492 282 12 50 147 47 
404 441 43 302 43 69 332 1255 166 16 11 11 42 541 17 4 5 14 233 808 106 805 49 16 3 12 34 14 1 16 2 20 7 1823 571 142 9 68 11 26 92 279 99 73 0 39 28 33 5 4 4 4 5 33 28 39 0 73 99 279 92 26 11 68 9 142 571 1823 7 20 2 16 1 14 34 12 3 16 49 805 106 808 233 14 5 4 17 541 42 11 11 16 166 1255 332 69 43 302 43 441 41 
337 47 80 75 6 34 499 947 16 20 49 36 80 721 17 26 9 26 238 353 322 30 2 4 14 19 24 3 14 1 9 1 52 515 11 6 3 19 22 8 26 637 215 25 8 16 13 56 40 3 5 3 40 56 13 16 8 25 215 637 26 8 22 19 3 6 11 515 52 1 9 1 14 3 24 19 14 4 2 30 322 353 238 26 9 26 17 721 80 36 49 20 16 947 499 34 6 75 80 47 7 
182 2 90 138 4 27 1295 721 46 3 4 42 45 1445 1 35 12 43 457 520 109 180 61 18 19 15 89 9 3 1 4 6 28 441 74 57 27 66 18 19 9 252 131 37 39 39 39 698 81 5 0 5 81 698 39 39 39 37 131 252 9 19 18 66 27 57 74 441 28 6 4 1 3 9 89 15 19 18 61 180 109 520 457 43 12 35 1 1445 45 42 4 3 46 721 1295 27 4 138 90 2 0 
77 68 83 97 56 108 386 289 117 13 30 88 14 1209 5 7 1 2 53 366 17 52 40 1 28 6 182 4 4 0 11 16 3 383 135 6 0 68 13 73 1 55 7 59 21 20 29 756 31 1 1 1 31 756 29 20 21 59 7 55 1 73 13 68 0 6 135 383 3 16 11 0 4 4 182 6 28 1 40 52 17 366 53 2 1 7 5 1209 14 88 30 13 117 289 386 108 56 97 83 68 8 
83 24 2 12 46 529 1422 512 21 39 35 59 40 1234 9 40 17 115 206 65 41 78 11 1 12 8 88 39 0 0 1 3 25 93 119 9 31 122 28 76 6 338 7 16 11 22 11 3 3 4 23 4 3 3 11 22 11 16 7 338 6 76 28 122 31 9 119 93 25 3 1 0 0 39 88 8 12 1 11 78 41 65 206 115 17 40 9 1234 40 59 35 39 21 512 1422 529 46 12 2 24 4 
171 197 50 223 5 647 1359 433 58 22 32 45 2 1032 17 1 49 21 60 48 11 48 0 5 3 12 53 11 2 27 38 49 122 91 111 11 47 9 8 30 33 144 314 5 46 8 18 30 27 40 46 40 27 30 18 8 46 5 314 144 33 30 8 9 47 11 111 91 122 49 38 27 2 11 53 12 3 5 0 48 11 48 60 21 49 1 17 1032 2 45 32 22 58 433 1359 647 5 223 50 197 97 
51 179 230 60 99 511 340 1302 66 20 2 32 186 1309 65 43 5 43 152 222 51 381 67 22 18 18 171 6 1 140 60 16 10 8 2 10 6 11 9 48 25 459 44 96 38 73 44 106 209 162 374 162 209 106 44 73 38 96 44 459 25 48 9 11 6 10 2 8 10 16 60 140 1 6 171 18 18 22 67 381 51 222 152 43 5 43 65 1309 186 32 2 20 66 1302 340 511 99 60 230 179 79 
3 741 37 129 10 12 247 1662 116 29 75 239 183 3306 15 10 49 29 766 60 56 33 32 42 2 3 8 51 3 73 22 0 31 5 27 4 1 54 2 18 35 417 17 73 42 4 56 35 504 1518 486 1518 504 35 56 4 42 73 17 417 35 18 2 54 1 4 27 5 31 0 22 73 3 51 8 3 2 42 32 33 56 60 766 29 49 10 15 3306 183 239 75 29 116 1662 247 12 10 129 37 741 41 
331 5756 258 108 183 475 630 1297 196 13 11 44 253 1326 96 44 2 27 53 81 48 278 29 4 9 21 20 0 4 4 46 14 31 1 1 19 29 1 13 24 92 1167 11 8 23 0 8 1 188 399 365 399 188 1 8 0 23 8 11 1167 92 24 13 1 29 19 1 1 31 14 46 4 4 0 20 21 9 4 29 278 48 81 53 27 2 44 96 1326 253 44 11 13 196 1297 630 475 183 108 258 5756 756 
0 1653 1265 645 408 271 632 1672 62 23 53 64 147 916 4 3 33 13 37 4 24 397 15 27 21 9 43 19 2 2 6 3 15 43 11 24 28 1 23 7 134 1552 0 17 32 67 18 205 402 158 1102 158 402 205 18 67 32 17 0 1552 134 7 23 1 28 24 11 43 15 3 6 2 2 19 43 9 21 27 15 397 24 4 37 13 33 3 4 916 147 64 53 23 62 1672 632 271 408 645 1265 1653 653 
138 687 134 223 51 179 1211 1191 94 67 41 300 78 305 10 5 24 76 323 88 92 202 44 3 5 17 82 24 4 5 2 6 22 4 8 3 44 33 21 19 53 142 152 2 26 52 46 107 171 1450 216 1450 171 107 46 52 26 2 152 142 53 19 21 33 44 3 8 4 22 6 2 5 4 24 82 17 5 3 44 202 92 88 323 76 24 5 10 305 78 300 41 67 94 1191 1211 179 51 223 134 687 87 
199 102 59 3 19 54 416 422 252 87 87 114 70 934 17 37 16 9 393 198 83 49 91 3 8 56 456 15 17 109 82 19 53 51 34 50 31 504 2 0 18 293 22 0 133 1 12 153 22 38 99 38 22 153 12 1 133 0 22 293 18 0 2 504 31 50 34 51 53 19 82 109 17 15 456 56 8 3 91 49 83 198 393 9 16 37 17 934 70 114 87 87 252 422 416 54 19 3 59 102 2 
17 0 2 12 11 60 10 1124 229 45 71 472 120 216 164 98 9 73 3 4 6 298 46 40 133 282 82 45 8 75 82 6 251 87 56 20 19 650 82 34 5 12 11 1 181 11 15 285 20 13 0 13 20 285 15 11 181 1 11 12 5 34 82 650 19 20 56 87 251 6 82 75 8 45 82 282 133 40 46 298 6 4 3 73 9 98 164 216 120 472 71 45 229 1124 10 60 11 12 2 0 0 
40 16 40 0 28 74 12 1216 194 27 61 78 29 262 506 339 24 11 32 62 68 73 44 97 5 189 405 80 16 25 103 88 1066 473 9 0 9 357 95 52 9 147 63 96 157 12 14 214 7 26 182 26 7 214 14 12 157 96 63 147 9 52 95 357 9 0 9 473 1066 88 103 25 16 80 405 189 5 97 44 73 68 62 32 11 24 339 506 262 29 78 61 27 194 1216 12 74 28 0 40 16 6 
100 40 7 13 28 202 32 1041 147 2 5 299 1577 182 65 100 6 25 58 17 25 85 280 54 43 281 791 34 15 10 62 87 9 22 46 18 48 211 100 19 2 22 13 4 219 33 23 70 64 38 75 38 64 70 23 33 219 4 13 22 2 19 100 211 48 18 46 22 9 87 62 10 15 34 791 281 43 54 280 85 25 17 58 25 6 100 65 182 1577 299 5 2 147 1041 32 202 28 13 7 40 0 
6 59 10 24 51 74 109 277 439 43 11 1182 420 95 314 15 125 46 74 26 19 15 11 224 59 52 20 32 52 65 34 26 11 337 94 20 8 42 1 19 21 51 25 63 129 2 17 31 24 14 5 14 24 31 17 2 129 63 25 51 21 19 1 42 8 20 94 337 11 26 34 65 52 32 20 52 59 224 11 15 19 26 74 46 125 15 314 95 420 1182 11 43 439 277 109 74 51 24 10 59 9 
9 21 36 3 14 3 99 498 311 13 126 1898 2053 259 25 332 9 97 6 31 5 507 131 32 48 154 299 49 27 55 28 3 533 569 41 2 12 3 20 5 12 153 1 25 251 11 0 439 107 3 54 3 107 439 0 11 251 25 1 153 12 5 20 3 12 2 41 569 533 3 28 55 27 49 299 154 48 32 131 507 5 31 6 97 9 332 25 259 2053 1898 126 13 311 498 99 3 14 3 36 21 1 
3 6 6 5 25 20 186 1029 441 54 39 111 324 146 74 64 11 11 60 5 59 111 140 19 3 101 207 24 30 23 43 11 57 530 88 35 10 300 9 8 34 124 28 78 670 139 23 610 71 65 34 65 71 610 23 139 670 78 28 124 34 8 9 300 10 35 88 530 57 11 43 23 30 24 207 101 3 19 140 111 59 5 60 11 11 64 74 146 324 111 39 54 441 1029 186 20 25 5 6 6 0 
0 18 28 4 33 70 75 1403 645 120 97 883 882 0 57 78 69 15 71 0 2 352 163 36 13 41 282 69 33 14 4 3 202 349 151 40 23 325 138 14 37 34 42 28 180 266 16 103 86 123 191 123 86 103 16 266 180 28 42 34 37 14 138 325 23 40 151 349 202 3 4 14 33 69 282 41 13 36 163 352 2 0 71 15 69 78 57 0 882 883 97 120 645 1403 75 70 33 4 28 18 8 
60 25 15 27 25 51 275 2039 586 80 10 242 973 84 296 69 79 16 51 23 63 822 36 93 53 242 136 2 18 32 1 16 40 204 14 11 2 620 60 53 71 11 105 36 551 352 37 4 40 71 110 71 40 4 37 352 551 36 105 11 71 53 60 620 2 11 14 204 40 16 1 32 18 2 136 242 53 93 36 822 63 23 51 16 79 69 296 84 973 242 10 80 586 2039 275 51 25 27 15 25 5 
3 37 38 77 34 80 666 2191 783 104 57 124 1433 107 4 39 80 41 96 79 318 482 42 111 30 34 455 59 29 42 2 13 174 331 6 20 8 412 28 8 5 119 42 4 358 27 4 30 67 50 4 50 67 30 4 27 358 4 42 119 5 8 28 412 8 20 6 331 174 13 2 42 29 59 455 34 30 111 42 482 318 79 96 41 80 39 4 107 1433 124 57 104 783 2191 666 80 34 77 38 37 7 
5 4 54 13 39 46 225 1841 1128 287 243 1680 969 192 288 90 54 7 41 1 120 91 292 39 15 271 1442 250 32 24 2 14 35 125 9 27 19 67 0 4 31 68 70 0 12 31 6 4 181 7 61 7 181 4 6 31 12 0 70 68 31 4 0 67 19 27 9 125 35 14 2 24 32 250 1442 271 15 39 292 91 120 1 41 7 54 90 288 192 969 1680 243 287 1128 1841 225 46 39 13 54 4 0 
